z21Ad OptA Adr  uid  Typ Nr  Name               Functions
~~~~~ ~~~~ ~~~~ ~~~~ ~~~ ~~~ ~~~~~~~~~~~~~~~~~~ ~~~~~~~~~
   1  9001    1 0001 MM   56 "PERCY"
   2  9002    2 0002 MM   45 "ICE 2"              1   0 138  23  18
   3  9003    3 0003 MM   24 "BR03  1022"         1   7   2
   4  4004    4 C004 DCC  12 "3029"               0   0   0   8  18
   5  8005    5 4005 MFX  11 "24 047 DB"          1   7  23  12  18  20  13 140 219  19  26  36  49  22
9005  9005    5 0005 MM   27 "BR89066"            1  51  52  53   8
  22  8022   22 4016 MFX  16 "BR 194 178-0 DB"    1  82  23  12  83  20  41 140  42  18 153 236 231   8 137 112   5  29  29  19 220  20  11  28 231  89 231  29  37 153 153   6
  80  9080   80 0050 MM   36 "E 04 01"
 200  4200  200 C0C8 DCC  46 "ICE Wagenlicht"     0  32
 888  4888  888 C378 DCC  32 "Dcc-Temp"           1  51  52  53  54  55  56  57  58  59  60  61  62  63  64  65
 901  4901  901 C385 DCC  47 "Icon Test 1"        1  41  42   2  48  32  33  34  35   3  38  40  90  47 110  31 105   5  20  43 101  37  11  21  91  36  22  44  39
 902  4902  902 C386 DCC  48 "Icon Test 2"       92  24 108 112  23  45  25 104 103 107   8 100  18 102   9  82  83   7   6  84  85   4  86  87  13  10  12  28  27
 903  4903  903 C387 DCC  49 "Icon Test 3"       29  30  19 106  89  49 111  26  93  17  15  16  98  14  46  99  94  95  96  97  88 109   0   1   2   4   3   5   6
 904  4904  904 C388 DCC  50 "Icon Test 4"       50  51  52  53  54  55  56  57  58  59  60  61  62   0   0   0  66  67  68  69  70  71  72  73  74  75  76  77  78
 905  4905  905 C389 DCC  60 "Uml ÄÖÜäöü"         1  51  52  53  54  55  56  57  58  59  60  61  62
Total: 66
