z21Ad OptA Adr  uid  Typ Nr  Name               Functions
~~~~~ ~~~~ ~~~~ ~~~~ ~~~ ~~~ ~~~~~~~~~~~~~~~~~~ ~~~~~~~~~
   1  9001    1 0001 MM   56 "PERCY"
   2  9002    2 0002 MM   45 "ICE 2"              1   0 138  23  18
   3  9003    3 0003 MM   24 "BR03  1022"         1   7   2
   4  4004    4 C004 DCC  12 "3029"               0   0   0   8  18
   5  8005    5 4005 MFX  11 "24 047 DB"          1   7  23  12  18  20  13 140 219  19  26  36  49  22
9005  9005    5 0005 MM   27 "BR89066"            1  51  52  53   8
   6  8006    6 4006 MFX   4 "110 487-6 DB AG"    1 153  23  10  18  20  41  11  42  19 220
4006  4006    6 C006 DCC  43 "E44"                1   8   0   3  18
   7  8007    7 4007 MFX  63 "v200 060"           1  23  10  10  25 232  11 139 106 177 172  20  37   8  18  65
   8  8008    8 4008 MFX  19 "BR 41 029"          1   7  23  12 140  49  82  13   8  20  26  18  36 219 111   2
4008  4008    8 C008 DCC  66 "VT-95 Schienenbu"   1   8   0   2  18
   9  8009    9 4009 MFX   6 "185 401-7 DB AG"    1  23 172  10  18  20  41 138  42 171 171 220  29  11  37   8
4009  4009    9 C009 DCC  38 "E 141 207-1"        1   0   8   3  18
  10  8010   10 400A MFX  31 "DB AG 245 006"      1 172  23  10  18  20  41  10  42  11 153 153  29  37
9010  9010   10 000A MM   20 "BR 80"              1  51  52  53  54
  11  8011   11 400B MFX  51 "KITTEL CIDT8 DB"    1   0   0   0  18
4011  4011   11 C00B DCC  39 "E 141 211-3"        1   0   0   3   8
  12  8012   12 400C MFX   1 "038 193-9 DB"       1   7  23  12  18  20  13 140  26 219  19  36  49
9012  9012   12 000C MM   59 "T3 Waldkirch"       0   0   0   0  18
  13  8013   13 400D MFX   8 "2016 021-5 ÖBB"     1 172  23  10  18  20  41 138  42 171 171 220  29  11  37
4013  4013   13 C00D DCC  37 "E 103 113-7"        1   0   0   0   3
9013  9013   13 000D MM   26 "BR81 006"           1  51  52  53  54
  14  8014   14 400E MFX  13 "335 183-0"          1  82  83   8  18  42  41
  15  8015   15 400F MFX  57 "R1020 003-8 ÖBB"    1  43  23  12  18  20  41 153  42 231 236 140   0   0   0 112
4015  4015   15 C00F DCC  52 "KLVM 3087"          0   8   0  18
  16  8016   16 4010 MFX  22 "BR 94 713, DB"      1   7  23  12 140  20  13 231 219  19  26  36  49  22   8  18
9016  9016   16 0010 MM   29 "Cargo 364 754-2"    1
  17  8017   17 4011 MFX  64 "V60 1009"           1  82  83   8  18   2   0   0   0   0   0   0   0   0 137
4017  4017   17 C011 DCC  21 "BR 86 173"          1  82  83  18   3  12  10  13
  18  8018   18 4012 MFX  23 "BR 94 713, DB si"   1   7  23  12 140  20  13 231 219  19  26  36  49  22   8  18
9018  9018   18 0012 MM   33 "DHG 500"            1
  19  8019   19 4013 MFX  10 "232 103-2 RDX"      1   0  23 138  18  20  10 153  10 220   8 236  43
  20  8020   20 4014 MFX   2 "051 013-1"          1   7  23  12  13  20  19 140 219  18  26  36  49   8
9020  9020   20 0014 MM   15 "BR 120 139-1"
  21  8021   21 4015 MFX  44 "GlobalTrans 16"     1  47  23 138  18
9021  9021   21 0015 MM    9 "212 Feuerwehr"      1  47
  22  8022   22 4016 MFX  16 "BR 194 178-0 DB"    1  82  23  12  83  20  41 140  42  18 153 236 231   8 137 112   5  29  29  19 220  20  11  28 231  89 231  29  37 153 153   6
4022  4022   22 C016 DCC  35 "Draisine KLV 12"
  23  8023   23 4017 MFX  65 "VT 98"              1  24  42  28  40   8   4  20  22  20 140  12   5  92  20  11 108  43 112  37   5
  24  8024   24 4018 MFX   3 "103 113-7"          1   3  23 140   8   2  11 139 232  20 153 155 106 108 220  19
9024  9024   24 0018 MM   40 "E 69 02"            1
  25  8025   25 4019 MFX   5 "140 396-3 DB"       1 153  23  12  18  20  41 140  42  19 220  29 236   8
  26  8026   26 401A MFX   7 "185 409-0 D-RDX"    1 172  23  10  18  20  41 138  42 171 171 220  29 153   8 112
9026  9026   26 001A MM   25 "BR81 002"           1  51  52  53  54
  27  8027   27 401B MFX  41 "E 69 02 DB Zug"     1   9  23  12  18  20  41 140  42 236  29  11  19 220  37 112
  28  8028   28 401C MFX  42 "E194 091-5"         1 134  23   8  18 149 138
  29  8029   29 401D MFX  30 "Cora"               1   7   5 139   5   3 133 138 133  59   8 133   2  63  64   5 133  67 133   5 133   5 133   5   5 133 139 139   5   5   5   5
  53  4053   53 C035 DCC  62 "V100 212 349-5 b"   1   3   0   8  18
  56  9056   56 0038 MM   17 "BR 216 219-6"
  60  9060   60 003C MM   28 "BR89066 54723"      1   0   0   0  18
  71  9071   71 0047 MM   61 "V 60 1179"          1   0   0   0  18
  72  9072   72 0048 MM   34 "DHG 500 Nr. 11"     1   0   0   0  18
  73  4073   73 C049 DCC  58 "Rolf"               4   5 138  13 138   5   5 139  13 136   5   5 138   5   5   5
9073  9073   73 0049 MM   54 "ML 003"             1  47   0   0  18
  77  9077   77 004D MM   14 "89 006 Fabi 1646"   1  51  52  53  54
9077  9077   77 004D MM   53 "KRAN WEISS"         0  16  15  15
  78  9078   78 004E MM   18 "BR 24 014"          1   0   0   0  18
  79  9079   79 004F MM   55 "MONDOLINO"          0   0   0   0  18
  80  9080   80 0050 MM   36 "E 04 01"
 200  4200  200 C0C8 DCC  46 "ICE Wagenlicht"     0  32
 888  4888  888 C378 DCC  32 "Dcc-Temp"           1  51  52  53  54  55  56  57  58  59  60  61  62  63  64  65
 901  4901  901 C385 DCC  47 "Icon Test 1"        1  41  42   2  48  32  33  34  35   3  38  40  90  47 110  31 105   5  20  43 101  37  11  21  91  36  22  44  39
 902  4902  902 C386 DCC  48 "Icon Test 2"       92  24 108 112  23  45  25 104 103 107   8 100  18 102   9  82  83   7   6  84  85   4  86  87  13  10  12  28  27
 903  4903  903 C387 DCC  49 "Icon Test 3"       29  30  19 106  89  49 111  26  93  17  15  16  98  14  46  99  94  95  96  97  88 109   0   1   2   4   3   5   6
 904  4904  904 C388 DCC  50 "Icon Test 4"       50  51  52  53  54  55  56  57  58  59  60  61  62   0   0   0  66  67  68  69  70  71  72  73  74  75  76  77  78
 905  4905  905 C389 DCC  60 "Uml ÄÖÜäöü"         1  51  52  53  54  55  56  57  58  59  60  61  62
Total: 66
