'list 2'
z21Ad Adr  uid  Typ Nr  Name               Functions
~~~~~ ~~~~ ~~~~ ~~~ ~~~ ~~~~~~~~~~~~~~~~~~ ~~~~~~~~~
8269    50 400D MFX   1 "Blackfoot"          1   7   5 140   5   5   5   5   5 133 133   5  62   5 136  65   1   1   1   1   1   1   1   1   1   1   1   1   1   1   1   1
8271   111 400F MFX   2 "Back Pearl"         1   7   5 140   5   3   2 140 133 133 133 133 133 138 138   5
8274     5 4012 MFX   3 "Blaufuchs"          1   7   5 140   5 140   5   3   5   5   5   5   5   5   5   5
8263   112 4007 MFX   4 "Browny"             1   7   5 140   2   5  10   5   5   5   5   5 133   5 140   5
8264    42 4008 MFX   5 "Cora"               1   7   5 140   5   3 133 138 133  59   8 133   2  63  64   5 133  67 133   5 133   5 133   5   5 133 140 140   5   5   5   5
108    108 C06C DCC   6 "Glaskasten"         1   5 140 140 133   3   8 133 133   5   5   5   5   5   5   5
8267    18 400B MFX   7 "Helsinki"           1   5 138 140   5   5   5 138   2 138 138   9 190 140   5 138
8277     3 4015 MFX   8 "Hondekop"           1   2   2   8   8   2
8261    79 4005 MFX   9 "ICE"                1   5 138 138 133 138   8   2 133 133 133 133 133 133 138   5
8265    41 4009 MFX  10 "Kittel Dampftrie"   1   7   5 140 140 133   2   2   5 133   5   5   5   5 138 138
8262    70 4006 MFX  11 "Kroko"              1   5 140 140   5   5   8   5  58 133 133   5 133   5 133   5
8266    76 400A MFX  12 "Lolo"               1   7   5 140   5   5 138   2   5 133 133   5  62   5 133   7
601    601 C259 DCC  13 "Messwagen"          1  51 180 181 182 183 143 185 144 142  60  61  62
8268    62 400C MFX  14 "Molly"              1   7   5 140   5   5 138   5   5   2   5   5 133   5 140   5
8273   109 4011 MFX  15 "Murnau"             1   7   5 140   5   2 133 138   8   5 133   5 133   5 133   5
8276    53 4014 MFX  16 "Onkel Bert"         1   7   5 140 138   3   5   5  58  59  60  61  62   5   8   5
8257     4 4001 MFX  17 "Rocksy"             1   5 138 138   5   5   5   5 133 133 133   5   5   6 133 133
73      73 C049 DCC  18 "Rolf"               4   5 138  13 138   5   5 140  13 136   5   5 138   5   5   5
8270    74 400E MFX  19 "Rotfuchs"           4   5 138 133 133  15   8   1   2 144 140 137   5 142 133 133
8275    24 4013 MFX  20 "Smokie"             1   7   5 140 133   3 133   5 140   5   5   8   5 133  64   5
8272    61 4010 MFX  21 "Susi"               1   7   5 140   5   5   5  12   5   5   5   5 133   5   5   5
8278    18 4016 MFX  22 "Tante Olga"         1   7   5 138 133   3 133  57 140 133 133   5   5 133   8   5   5   5 133   5   5   5   5   5
80      80 C050 DCC  23 "Wendy"              4  51
8279    13 4017 MFX  24 "Wilde 13"           1   7   5 140   5  55   8   3   5 133 133   5  62   5  64 133   5  67   5   5 133   5   5   5 133 133   5   5   5   5   5  12
Total: 24

